corresponding to
varience , root mean square error on training set;
varience , root mean square error on test set

After Use vector assembler instead of manually append vectors

    3134.2896422040667
    37.779793463317276
    2255.575244012125
    85.02967509768469

    567.7789393320415
    39.29350127793254
    930.7504266015187
    110.82038682742082

    592.8574606572812
    33.330228994981006
    671.6725586404164
    113.39165739287913

    591.6801804973775
    45.13451178377409
    1024.167571285752
    107.25261615759516

    3996.7356692527355
    55.68197465335948
    2227.5485955189583
    51.604766038632214

    4128.918566646283
    50.97805875645766
    2565.676797006259
    63.07883259174519

    3908.6988147619627
    56.0520660370158
    1915.6585274204117
    49.32089045759554
------------------
    545.2945463970638
    81.3800848450156
    489.265854251668
    45.39548763313626

    867.7049073047102
    41.54940325833488
    1106.2628408465011
    113.28970864594886

    1901.4388057869144
    68.85124279190822
    3118.4412570734476
    58.571919103026325

    2038.617284956109
    56.76426481826487
    3316.82433472311
    77.9743828577408

RidgeRegressionWithSGD
    3624.9341127021194
    56.858730756318124
    2212.2649289583296
    50.7036958624226

    556.4934542833302
    46.368270218630315
    737.6209664794876
    102.85537672072884

    535.4901668380924
    46.412280385864655
    666.8829627184506
    101.74800185580412

    3703.525958984155
    54.45617748405764
    2395.7717690755085
    53.65179886199244

    3556.462132343282
    50.93177081821071
    1823.4782449557754
    60.583729296143346

    --------------
    2859.3574971230305
    45.809175603221064
    2025.9718182218053
    73.87931309440552

    3839.223063895097
    44.92985896003423
    2997.641488546505
    75.24308855226886

LassoWithSGD
    --------------
    3960.386707423947
    55.39849356560477
    2689.638641808273
    53.66036268383805

    613.3801063605442
    23.740254287541738
    1096.5907946015052
    120.507431427287

    3896.9108579833037
    50.4654807148669
    2415.7248225926514
    63.19909232992786

    4079.051229205942
    46.060199272836854
    2865.832172514345
    73.26112219034492

Random forest with 10000 data, 10 trees
    2090.6478365754697
    47.64152319505465
    37.01757852273837
    52.91201505233409

    944.5675942827511
    58.25481352151033
    257.5307420926764
    63.85366191294048

    760.8861020118491
    70.93834337724793
    115.43283180110991
    54.087280958574624

    878.913597463635
    17.868748771042274
    27.54631863388128
    123.27238202030694
